ev:
  start: [30.874001, 7.542412, 0.3]
  end: [205.874001, 8.542412, 0.3]

npc1:
  start: [40.874001, 3.542412, 0.3]
  throttle_range: [0.5, 0.7]
  brake_chance: 0.3
  brake_range: [0.0, 0.5]
  steer_range: [0.0, 0.02]

npc2:
  start: [70.874001, 7.542412, 0.3]
  throttle_range: [0.2, 0.6]
  brake_chance: 0.3
  brake_range: [0.0, 0.4]
  steer_range: [0.0, 0.02]

pedestrian1:
  start: [65.874001, 3.542412, 0.3]
  end: [80.874001, 3.542412, 0.5]

pedestrian2:
  start: [55.874001, 3.542412, 0.3]
  end: [90.874001, 3.542412, 0.5]
